0	1	5.165996418	5.165996418	0.786159032	5.165996418	1
1	1	5.150245976	5.144700799	0.797557718	5.150245976	1
2	1	5.170623169	5.170623169	0.766438034	5.170623169	1
3	1	5.183533787	5.183533787	0.755030267	5.183533787	1
4	1	5.166881509	5.166881509	0.79478513	5.166881509	1
5	1	5.125737775	5.125737775	0.84587939	5.125737775	1
6	1	5.26760161	5.26760161	0.641067606	5.26760161	1
7	1	5.250966078	5.250966078	0.635522429	5.250966078	1
8	1	5.256511255	5.256511255	0.635522429	5.256511255	1
9	1	5.189842844	5.184297666	0.726655991	5.189842844	1
10	1	5.166898255	5.166898255	0.757802856	5.166898255	1
11	1	5.179774388	5.179774388	0.743617975	5.179774388	1
12	1	5.168769007	5.168769007	0.783386443	5.168769007	1
13	1	5.218662531	5.218662531	0.678171233	5.218662531	1
14	1	5.218189722	5.218189722	0.706581464	5.218189722	1
15	1	5.091116366	5.091116366	0.874171564	5.091116366	1
16	1	5.1770018	5.1770018	0.751935742	5.1770018	1
17	1	5.11464742	5.11464742	0.851424567	5.11464742	1
18	1	5.150245976	5.146426891	0.803102896	5.150245976	1
19	1	5.187070255	5.187070255	0.732201169	5.187070255	1
20	1	5.06746589	5.06746589	0.893081001	5.06746589	1
21	1	5.11464742	5.110828335	0.848651978	5.11464742	1
22	1	5.17798861	5.17798861	0.757802856	5.17798861	1
23	1	5.086237306	5.086237306	0.893855906	5.086237306	1
24	1	5.27735687	5.273537785	0.601151479	5.27735687	1
25	1	5.299355779	5.299355779	0.572670293	5.299355779	1
26	1	5.106329654	5.098691484	0.856969745	5.106329654	1
27	1	5.288265424	5.288265424	0.575442882	5.288265424	1
28	1	5.190864743	5.185319566	0.746390564	5.190864743	1
29	1	5.10220672	5.10220672	0.876944153	5.10220672	1
30	1	5.076391375	5.070846198	0.91102998	5.076391375	1
31	1	5.091116366	5.085571188	0.871398976	5.091116366	1
32	1	5.32230638	5.32230638	0.53546082	5.32230638	1
33	1	5.169670844	5.164125666	0.757802856	5.169670844	1
34	1	5.044250433	5.038705255	0.939275804	5.044250433	1
35	1	5.127753319	5.122208142	0.837271578	5.127753319	1
36	1	5.292537431	5.292537431	0.589685673	5.292537431	1
37	1	5.188092155	5.173182715	0.746390564	5.188092155	1
38	1	5.176168347	5.173395758	0.769210623	5.176168347	1
39	1	5.22143512	5.22143512	0.686488999	5.22143512	1
40	1	5.279947658	5.279947658	0.57821547	5.279947658	1
41	1	5.098738162	5.094919077	0.860027781	5.098738162	1
42	1	5.200933198	5.195388021	0.734973758	5.200933198	1
43	1	5.179774388	5.174229211	0.740845387	5.179774388	1
44	1	5.191557816	5.186012639	0.718007269	5.191557816	1
45	1	5.182546977	5.182546977	0.743617975	5.182546977	1
46	1	5.202648171	5.197102994	0.720779858	5.202648171	1
47	1	5.196009012	5.196009012	0.709354053	5.196009012	1
48	1	5.188092155	5.18427307	0.746390564	5.188092155	1
49	1	5.125737775	5.120192598	0.854197156	5.125737775	1
50	1	5.235298064	5.235298064	0.680943822	5.235298064	1
51	1	5.194330405	5.194330405	0.718007269	5.194330405	1
52	1	5.140827967	5.13528279	0.823114002	5.140827967	1
53	1	5.242408607	5.242408607	0.663959416	5.242408607	1
54	1	5.275901899	5.270356722	0.589685673	5.275901899	1
55	1	5.152133474	5.152133474	0.788931621	5.152133474	1
56	1	5.230921645	5.230921645	0.692378586	5.230921645	1
57	1	5.242648311	5.237103134	0.643840195	5.242648311	1
58	1	5.14192821	5.14192821	0.79478513	5.14192821	1
59	1	5.273223181	5.273223181	0.618158058	5.273223181	1
60	1	5.159532815	5.159532815	0.769210623	5.159532815	1
61	1	5.20542076	5.20542076	0.718007269	5.20542076	1
62	1	5.111874831	5.106329654	0.851424567	5.111874831	1
63	1	5.190864743	5.190864743	0.749163153	5.190864743	1
64	1	5.180761199	5.175216021	0.760575445	5.180761199	1
65	1	5.124980731	5.124980731	0.837271578	5.124980731	1
66	1	5.04979561	5.04979561	0.933730626	5.04979561	1
67	1	5.197102994	5.197102994	0.720779858	5.197102994	1
68	1	5.250966078	5.2454209	0.643840195	5.250966078	1
69	1	5.14192821	5.14192821	0.800330307	5.14192821	1
70	1	5.109102243	5.109102243	0.848651978	5.109102243	1
71	1	5.256511255	5.256511255	0.635522429	5.256511255	1
72	1	5.091782484	5.086237306	0.888310729	5.091782484	1
73	1	5.126965024	5.126965024	0.82588659	5.126965024	1
74	1	5.267678003	5.267678003	0.61538547	5.267678003	1
75	1	5.23686343	5.225773075	0.666732005	5.23686343	1
76	1	5.109102243	5.105283158	0.851424567	5.109102243	1
77	1	5.266274347	5.262455262	0.632387633	5.266274347	1
78	1	5.262056432	5.258237347	0.641067606	5.262056432	1
79	1	5.234090841	5.234090841	0.663959416	5.234090841	1
80	1	5.151098279	5.151098279	0.814497026	5.151098279	1
81	1	5.140827967	5.140827967	0.820341413	5.140827967	1
82	1	5.185319566	5.185319566	0.740845387	5.185319566	1
83	1	5.256511255	5.250966078	0.641067606	5.256511255	1
84	1	5.238389577	5.238389577	0.652515733	5.238389577	1
85	1	5.253738666	5.248193489	0.641067606	5.253738666	1
86	1	5.211513524	5.211513524	0.689605997	5.211513524	1
87	1	5.17798861	5.17798861	0.757802856	5.17798861	1
88	1	5.187070255	5.187070255	0.737746346	5.187070255	1
89	1	5.200933198	5.195388021	0.734973758	5.200933198	1
90	1	5.106329654	5.106329654	0.84587939	5.106329654	1
91	1	5.239636018	5.230271756	0.669504593	5.239636018	1
92	1	5.208193349	5.198829086	0.720779858	5.208193349	1
93	1	5.195388021	5.195388021	0.734973758	5.195388021	1
94	1	5.086237306	5.086237306	0.891083317	5.086237306	1
95	1	5.139155621	5.133610444	0.797557718	5.139155621	1
96	1	5.225376468	5.225376468	0.695151174	5.225376468	1
97	1	5.2454209	5.2454209	0.638295018	5.2454209	1
98	1	5.070238479	5.070238479	0.905217852	5.070238479	1
99	1	5.224207709	5.224207709	0.68371641	5.224207709	1
100	1	5.22143512	5.20652568	0.678171233	5.22143512	1
101	1	5.172443432	5.172443432	0.755030267	5.172443432	1
102	1	5.271819525	5.271819525	0.629615045	5.271819525	1
103	1	5.225376468	5.221557383	0.697923763	5.225376468	1
104	1	5.225773075	5.225773075	0.669504593	5.225773075	1
105	1	5.245181196	5.245181196	0.669504593	5.245181196	1
106	1	5.104283339	5.098738162	0.860027781	5.104283339	1
107	1	5.073011068	5.073011068	0.899672674	5.073011068	1
108	1	5.096661543	5.091116366	0.874171564	5.096661543	1
109	1	5.223000486	5.223000486	0.672277182	5.223000486	1
110	1	5.286992254	5.286992254	0.589685673	5.286992254	1
111	1	5.080692129	5.069601774	0.88553814	5.080692129	1
112	1	5.192615432	5.192615432	0.732201169	5.192615432	1
113	1	5.146588297	5.141043119	0.786159032	5.146588297	1
114	1	5.129737612	5.124192435	0.823114002	5.129737612	1
115	1	5.192615432	5.192615432	0.732201169	5.192615432	1
116	1	5.122208142	5.122208142	0.840044167	5.122208142	1
117	1	5.138055378	5.138055378	0.82588659	5.138055378	1
118	1	5.200933198	5.184297666	0.72942858	5.200933198	1
119	1	5.096661543	5.093888954	0.879716742	5.096661543	1
120	1	5.146373145	5.146373145	0.823114002	5.146373145	1
121	1	5.150245976	5.150245976	0.797557718	5.150245976	1
122	1	5.192615432	5.192615432	0.734973758	5.192615432	1
123	1	4.328597318	4.328597318	1.851439151	4.328597318	1
124	1	1.930914097	1.930914097	4.266865747	1.930914097	1
125	1	2.28721262	2.28721262	3.954208622	2.28721262	1
126	1	3.12198302	3.12198302	3.159159208	3.12198302	1
127	1	3.691744516	3.691744516	2.556209857	3.691744516	1
128	1	5.147473388	5.143654303	0.79478513	5.147473388	1
129	1	5.288265424	5.279947658	0.572670293	5.288265424	1
130	1	4.718802334	4.718802334	1.352658908	4.718802334	1
131	1	4.384561436	4.384561436	1.796394929	4.384561436	1
132	1	5.109102243	5.109102243	0.843106801	5.109102243	1
133	1	5.174229211	5.174229211	0.740845387	5.174229211	1
134	1	5.171541595	5.165996418	0.780613855	5.171541595	1
135	1	5.112601105	5.112601105	0.857255192	5.112601105	1
136	1	5.174922284	5.169377107	0.712462092	5.174922284	1
137	1	5.173395758	5.173395758	0.763665445	5.173395758	1
138	1	5.318400219	5.318400219	0.54971674	5.318400219	1
139	1	5.197102994	5.197102994	0.718007269	5.197102994	1
140	1	5.210965937	5.210965937	0.715234681	5.210965937	1
141	1	2.10565131	2.10565131	4.080486719	2.10565131	1
142	1	2.083928049	2.083928049	4.110431337	2.083928049	1
143	1	4.112100658	4.106555481	2.097565245	4.112100658	1
144	1	5.316761202	5.30012567	0.53546082	5.316761202	1
145	1	5.197396731	5.193577646	0.757802856	5.197396731	1
146	1	5.19816061	5.192615432	0.732201169	5.19816061	1
147	1	5.128917569	5.125098484	0.811724437	5.128917569	1
148	1	5.136071085	5.136071085	0.840044167	5.136071085	1
149	1	3.666511461	3.666511461	2.569135279	3.666511461	1
150	1	0.663959416	0.663959416	5.220227897	0.663959416	1
151	1	0.234116674	0.234116674	5.467314132	0.234116674	1
152	1	1.91997368	1.91997368	4.262258137	1.91997368	1
153	1	2.440878825	2.440878825	3.779841567	2.440878825	1
154	1	3.277096611	3.277096611	2.977947875	3.277096611	1
155	1	3.150009382	3.14064512	3.092292603	3.150009382	1
156	1	3.103382958	3.103382958	3.141691616	3.103382958	1
157	1	3.566343452	3.566343452	2.669938812	3.566343452	1
158	1	5.27735687	5.271811692	0.598378891	5.27735687	1
159	1	4.905203051	4.899657874	1.125564249	4.905203051	1
160	1	5.140827967	5.140827967	0.817568824	5.140827967	1
161	1	5.167850581	5.167850581	0.769210623	5.167850581	1
162	1	5.145553102	5.145553102	0.80617926	5.145553102	1
163	1	5.072374362	5.072374362	0.879992962	5.072374362	1
164	1	5.153870868	5.153870868	0.808951849	5.153870868	1
165	1	5.073011068	5.073011068	0.890308412	5.073011068	1
166	1	4.093222078	4.093222078	2.108186229	4.093222078	1
167	1	5.164961223	5.159416045	0.803406671	5.164961223	1
168	1	5.209871956	5.209871956	0.698263698	5.209871956	1
169	1	5.237103134	5.237103134	0.638295018	5.237103134	1
170	1	5.199875583	5.199875583	0.715234681	5.199875583	1
171	1	5.264829021	5.264829021	0.638295018	5.264829021	1
172	1	5.06530102	5.06530102	0.905484802	5.06530102	1
173	1	2.688806434	2.683261257	3.55362557	2.688806434	1
174	1	2.686033846	2.686033846	3.570261102	2.686033846	1
175	1	1.887118206	1.887118206	4.298261545	1.887118206	1
176	1	2.2604376	2.2604376	3.966362785	2.2604376	1
177	1	1.525359551	1.525359551	4.570252436	1.525359551	1
178	1	2.370724505	2.370724505	3.842285167	2.370724505	1
179	1	2.427415382	2.427415382	3.795123929	2.427415382	1
180	1	2.910758972	2.910758972	3.339774582	2.910758972	1
181	1	3.196506769	3.196506769	3.048311778	3.196506769	1
182	1	3.338940944	3.338940944	2.920487378	3.338940944	1
183	1	3.15555456	3.15555456	3.09783778	3.15555456	1
184	1	4.197195664	4.197195664	2.004753446	4.197195664	1
185	1	5.153018565	5.153018565	0.792012541	5.153018565	1
186	1	3.802022277	3.802022277	2.42978847	3.802022277	1
187	1	2.571907868	2.571907868	3.66928405	2.571907868	1
188	1	5.002234674	4.996689496	0.995945452	5.002234674	1
189	1	5.155791154	5.148152984	0.792012541	5.155791154	1
190	1	5.239636018	5.239636018	0.663959416	5.239636018	1
191	1	4.945970934	4.942151849	1.074883229	4.945970934	1
192	1	5.192615432	5.192615432	0.72942858	5.192615432	1
193	1	5.124980731	5.124980731	0.831726401	5.124980731	1
194	1	5.209871956	5.209871956	0.703808875	5.209871956	1
195	1	5.209871956	5.209871956	0.701036286	5.209871956	1
196	1	5.16045124	5.16045124	0.777841266	5.16045124	1
197	1	5.23686343	5.225773075	0.663959416	5.23686343	1
198	1	5.22143512	5.22143512	0.675398644	5.22143512	1
199	1	5.183533787	5.183533787	0.757802856	5.183533787	1
200	1	5.134462747	5.134462747	0.803406671	5.134462747	1
201	1	5.250726373	5.250726373	0.663959416	5.250726373	1
202	1	5.202648171	5.202648171	0.715234681	5.202648171	1
203	1	5.231318252	5.231318252	0.661186827	5.231318252	1
204	1	5.109828517	5.104283339	0.854482604	5.109828517	1
205	1	5.247953785	5.247953785	0.666732005	5.247953785	1
206	1	5.10557261	5.10557261	0.834498989	5.10557261	1
207	1	5.224207709	5.224207709	0.675398644	5.224207709	1
208	1	5.14192821	5.136383033	0.789239952	5.14192821	1
209	1	5.239636018	5.234090841	0.663959416	5.239636018	1
210	1	5.20155419	5.20155419	0.703808875	5.20155419	1
211	1	5.26072917	5.256910085	0.629615045	5.26072917	1
212	1	5.149360885	5.149360885	0.780613855	5.149360885	1
213	1	5.179774388	5.179774388	0.743617975	5.179774388	1
214	1	5.194330405	5.194330405	0.720779858	5.194330405	1
215	1	5.111117787	5.10557261	0.842816755	5.111117787	1
216	1	5.212644545	5.212644545	0.703808875	5.212644545	1
217	1	5.121419846	5.121419846	0.828659179	5.121419846	1
218	1	5.250966078	5.250966078	0.643840195	5.250966078	1
219	1	5.121419846	5.121419846	0.820341413	5.121419846	1
220	1	5.059755843	5.054210665	0.916575157	5.059755843	1
221	1	5.167850581	5.167850581	0.7747558	5.167850581	1
222	1	5.188092155	5.182546977	0.746390564	5.188092155	1
223	1	5.304900956	5.304900956	0.57821547	5.304900956	1
224	1	5.165077992	5.159532815	0.769210623	5.165077992	1
225	1	5.146373145	5.140827967	0.820341413	5.146373145	1
226	1	5.162305403	5.162305403	0.771983211	5.162305403	1
227	1	5.217058701	5.211513524	0.695151174	5.217058701	1
228	1	5.110524487	5.110524487	0.876944153	5.110524487	1
229	1	5.166898255	5.166898255	0.757802856	5.166898255	1
230	1	5.249161007	5.249161007	0.680943822	5.249161007	1
231	1	4.732665277	4.732665277	1.360976674	4.732665277	1
232	1	4.740983044	4.740983044	1.360976674	4.740983044	1
233	1	4.706974372	4.701429195	1.388964202	4.706974372	1
234	1	4.707238992	4.707238992	1.386109485	4.707238992	1
235	1	4.713030097	4.713030097	1.374931912	4.713030097	1
236	1	4.71001158	4.71001158	1.386109485	4.71001158	1
237	1	4.724347511	4.724347511	1.366521852	4.724347511	1
238	1	4.695884017	4.695884017	1.397281969	4.695884017	1
239	1	4.763560546	4.752470191	1.333051022	4.763560546	1
240	1	4.766652252	4.766652252	1.310650395	4.766652252	1
241	1	4.701429195	4.701429195	1.402827146	4.701429195	1
242	1	4.764009615	4.758464438	1.299442557	4.764009615	1
243	1	4.811412666	4.811412666	1.257471326	4.811412666	1
244	1	4.780645148	4.77509997	1.29389738	4.780645148	1
245	1	5.04526943	5.04526943	0.973048114	5.04526943	1
246	1	5.052568199	5.048749114	0.942048393	5.052568199	1
247	1	5.16045124	5.16045124	0.780613855	5.16045124	1
248	1	5.031406486	5.031406486	0.961957759	5.031406486	1
249	1	5.058636574	5.058636574	0.947846535	5.058636574	1
250	1	5.0575624	5.0575624	0.925155223	5.0575624	1
251	1	5.012909241	5.007364064	0.990166112	5.012909241	1
252	1	5.039228453	5.039228453	0.950619123	5.039228453	1
253	1	5.012909241	5.012909241	0.987393523	5.012909241	1
254	1	4.844752735	4.844752735	1.201440262	4.844752735	1
255	1	4.888838967	4.888838967	1.153648338	4.888838967	1
256	1	4.875077912	4.875077912	1.176000856	4.875077912	1
257	1	4.875077912	4.875077912	1.16768309	4.875077912	1
258	1	4.769275086	4.769275086	1.321853221	4.769275086	1
259	1	4.533975244	4.533975244	1.605837272	4.533975244	1
260	1	2.921172084	2.921172084	3.3573839	2.921172084	1
261	1	3.889275269	3.889275269	2.338884687	3.889275269	1
262	1	4.47834606	4.47834606	1.663976022	4.47834606	1
263	1	4.690055701	4.690055701	1.413994528	4.690055701	1
264	1	4.675891271	4.675891271	1.425156795	4.675891271	1
265	1	4.712784169	4.712784169	1.388882074	4.712784169	1
266	1	4.684510524	4.684510524	1.405676762	4.684510524	1
267	1	4.69282829	4.69282829	1.411221939	4.69282829	1
268	1	4.653053204	4.653053204	1.444693341	4.653053204	1
269	1	4.580883326	4.577064241	1.528157417	4.580883326	1
270	1	4.483891238	4.47834606	1.650113078	4.483891238	1
271	1	3.435299311	3.431480226	2.815479827	3.435299311	1
272	1	4.471511494	4.471511494	1.688857441	4.471511494	1
273	1	4.060432361	4.060432361	2.149281736	4.060432361	1
274	1	3.667743075	3.667743075	2.590837139	3.667743075	1
275	1	2.54789209	2.54789209	3.716697814	2.54789209	1
276	1	3.022868637	3.019049552	3.232680152	3.022868637	1
277	1	4.7271201	4.7271201	1.348839823	4.7271201	1
278	1	4.758184731	4.752639553	1.313535455	4.758184731	1
279	1	4.763729908	4.763729908	1.316308044	4.763729908	1
280	1	4.816888503	4.80752424	1.263148949	4.816888503	1
281	1	4.673118682	4.673118682	1.419611617	4.673118682	1
282	1	4.814233977	4.814233977	1.237925796	4.814233977	1
283	1	4.763879663	4.763879663	1.307877807	4.763879663	1
284	1	4.752470191	4.752470191	1.321960667	4.752470191	1
285	1	4.786190325	4.77509997	1.285579613	4.786190325	1
286	1	4.721347863	4.721347863	1.366614146	4.721347863	1
287	1	4.839207558	4.839207558	1.201440262	4.839207558	1
288	1	4.780515195	4.780515195	1.29956004	4.780515195	1
289	1	4.545607721	4.545607721	1.580885081	4.545607721	1
290	1	4.7301007	4.7301007	1.341471196	4.7301007	1
291	1	4.749697602	4.749697602	1.341368788	4.749697602	1
292	1	4.80025297	4.796433885	1.271466715	4.80025297	1
293	1	4.743963644	4.740144559	1.347016373	4.743963644	1
294	1	4.789072866	4.789072866	1.288229719	4.789072866	1
295	1	4.797480382	4.797480382	1.265921538	4.797480382	1
296	1	4.902430462	4.902430462	1.131109426	4.902430462	1
297	1	4.777742607	4.773923522	1.310650395	4.777742607	1
298	1	4.7271201	4.723301015	1.358204085	4.7271201	1
299	1	4.819779155	4.819779155	1.240698385	4.819779155	1
300	1	4.525099226	4.525099226	1.619693788	4.525099226	1
301	1	4.644379893	4.644379893	1.461385361	4.644379893	1
302	1	4.64123406	4.64123406	1.466981858	4.64123406	1
303	1	4.741379836	4.741379836	1.333051022	4.741379836	1
304	1	4.732665277	4.728846192	1.363749263	4.732665277	1
305	1	4.766502497	4.766502497	1.321853221	4.766502497	1
306	1	4.704466403	4.704466403	1.388882074	4.704466403	1
307	1	4.738418467	4.732873289	1.349788962	4.738418467	1
308	1	4.698921226	4.698921226	1.394427251	4.698921226	1
309	1	4.712784169	4.712784169	1.386109485	4.712784169	1
310	1	4.814185255	4.814185255	1.260243914	4.814185255	1
311	1	4.732873289	4.732873289	1.347016373	4.732873289	1
312	1	4.698921226	4.693376048	1.386109485	4.698921226	1
313	1	4.675891271	4.675891271	1.425156795	4.675891271	1
314	1	4.696148637	4.696148637	1.388882074	4.696148637	1
315	1	4.76095732	4.755412142	1.327398398	4.76095732	1
316	1	4.772047675	4.772047675	1.319080632	4.772047675	1
317	1	4.758015368	4.758015368	1.338596199	4.758015368	1
318	1	4.655825793	4.655825793	1.450238519	4.655825793	1
319	1	4.675571601	4.670026424	1.430768756	4.675571601	1
320	1	4.71001158	4.704466403	1.383336896	4.71001158	1
321	1	4.712784169	4.707238992	1.386109485	4.712784169	1
322	1	4.777592852	4.768228589	1.321853221	4.777592852	1
323	1	4.735210807	4.735210807	1.366614146	4.735210807	1
324	1	4.794618043	4.794618043	1.282684541	4.794618043	1
325	1	4.632525505	4.62870642	1.486436117	4.632525505	1
326	1	4.701429195	4.69761011	1.397281969	4.701429195	1
327	1	4.695884017	4.695884017	1.397281969	4.695884017	1
328	1	4.772327381	4.772327381	1.296669968	4.772327381	1
329	1	4.729665629	4.729665629	1.374931912	4.729665629	1
330	1	4.76095732	4.76095732	1.32462581	4.76095732	1
331	1	4.752470191	4.746925013	1.338596199	4.752470191	1
332	1	4.735645878	4.7301007	1.349788962	4.735645878	1
333	1	4.672799012	4.672799012	1.439086522	4.672799012	1
334	1	4.666916147	4.666916147	1.44746593	4.666916147	1
335	1	4.701146056	4.701146056	1.411221939	4.701146056	1
336	1	4.735645878	4.735645878	1.349788962	4.735645878	1
337	1	4.777742607	4.777742607	1.307877807	4.777742607	1
338	1	4.69282829	4.69282829	1.413994528	4.69282829	1
339	1	4.71001158	4.704466403	1.380564307	4.71001158	1
340	1	4.789162615	4.789162615	1.271466715	4.789162615	1
341	1	4.715556758	4.71001158	1.377791719	4.715556758	1
342	1	4.828096921	4.828096921	1.243470973	4.828096921	1
343	1	4.704466403	4.695102141	1.386109485	4.704466403	1
344	1	4.664143559	4.664143559	1.444693341	4.664143559	1
345	1	4.872384988	4.872384988	1.184485552	4.872384988	1
346	1	4.758184731	4.758184731	1.32462581	4.758184731	1
347	1	4.715802686	4.710257508	1.374931912	4.715802686	1
348	1	4.783527688	4.783527688	1.28545713	4.783527688	1
349	1	4.763879663	4.760060578	1.307877807	4.763879663	1
350	1	4.758184731	4.758184731	1.327398398	4.758184731	1
351	1	4.886066379	4.886066379	1.161966105	4.886066379	1
352	1	4.698656606	4.698656606	1.402827146	4.698656606	1
353	1	4.695600879	4.684510524	1.411221939	4.695600879	1
354	1	4.732665277	4.7271201	1.366521852	4.732665277	1
355	1	4.76095732	4.755412142	1.32462581	4.76095732	1
356	1	4.90797564	4.90797564	1.133882015	4.90797564	1
357	1	4.980807948	4.980807948	1.029670647	4.980807948	1
358	1	4.999046298	4.999046298	0.990166112	4.999046298	1
359	1	5.020784903	5.020784903	0.976064288	5.020784903	1
360	1	4.783417736	4.783417736	1.302215146	4.783417736	1
361	1	4.727328112	4.721782934	1.355334139	4.727328112	1
362	1	4.519554049	4.519554049	1.616921199	4.519554049	1
363	1	4.493436375	4.493436375	1.630755274	4.493436375	1
364	1	4.454875962	4.454875962	1.686084852	4.454875962	1
365	1	4.501148268	4.501148268	1.652913514	4.501148268	1
366	1	4.50452673	4.50452673	1.63907304	4.50452673	1
367	1	4.486663827	4.481118649	1.666748611	4.486663827	1
368	1	4.36158067	4.356035493	1.810164357	4.36158067	1
369	1	3.7964771	3.7964771	2.443651413	3.7964771	1
370	1	2.59589671	2.59589671	3.674510062	2.59589671	1
371	1	3.753181174	3.753181174	2.502553033	3.753181174	1
372	1	4.704712331	4.704712331	1.374931912	4.704712331	1
373	1	4.704466403	4.698921226	1.383336896	4.704466403	1
374	1	4.712784169	4.708965084	1.391654662	4.712784169	1
375	1	4.752470191	4.752470191	1.327505844	4.752470191	1
376	1	4.669688736	4.669688736	1.44746593	4.669688736	1
377	1	4.772197429	4.772197429	1.310650395	4.772197429	1
378	1	4.766502497	4.76095732	1.313535455	4.766502497	1
379	1	4.250230215	4.250230215	1.928141509	4.250230215	1
380	1	3.27246564	3.268646555	3.002171098	3.27246564	1
381	1	2.957911709	2.957911709	3.307574494	2.957911709	1
382	1	4.718575274	4.714756189	1.374931912	4.718575274	1
383	1	4.841980147	4.841980147	1.209758028	4.841980147	1
384	1	4.712784169	4.708965084	1.391654662	4.712784169	1
385	1	4.695884017	4.69033884	1.400054557	4.695884017	1
386	1	4.706974372	4.706974372	1.402827146	4.706974372	1
387	1	4.766333134	4.766333134	1.341368788	4.766333134	1
388	1	4.687283113	4.687283113	1.405676762	4.687283113	1
389	1	4.664481246	4.664481246	1.430768756	4.664481246	1
390	1	4.644006648	4.644006648	1.463162773	4.644006648	1
391	1	4.64992507	4.638834715	1.455840184	4.64992507	1
392	1	4.629344736	4.629344736	1.48924965	4.629344736	1
393	1	4.652697659	4.652697659	1.458612772	4.652697659	1
394	1	4.836442575	4.836442575	1.235010848	4.836442575	1
395	1	4.713030097	4.713030097	1.377704501	4.713030097	1
396	1	4.825352221	4.825352221	1.235010848	4.825352221	1
397	1	4.675891271	4.675891271	1.425156795	4.675891271	1
398	1	4.518389673	4.518389673	1.636300451	4.518389673	1
399	1	4.454208308	4.454208308	1.697131144	4.454208308	1
400	1	2.300746133	2.300746133	3.936271986	2.300746133	1
401	1	1.724752586	1.724752586	4.452827659	1.724752586	1
402	1	3.089124108	3.089124108	3.189053517	3.089124108	1
403	1	2.111196488	2.111196488	4.108212606	2.111196488	1
404	1	2.670472367	2.670472367	3.576279311	2.670472367	1
405	1	2.986265642	2.986265642	3.263233667	2.986265642	1
406	1	4.609068678	4.609068678	1.522586962	4.609068678	1
407	1	2.416718055	2.416718055	3.799305465	2.416718055	1
408	1	2.794528943	2.794528943	3.452610218	2.794528943	1
409	1	4.521752386	4.521752386	1.611364261	4.521752386	1
410	1	3.513750936	3.508205758	2.722618161	3.513750936	1
411	1	2.678256578	2.672711401	3.558025686	2.678256578	1
412	1	2.926717261	2.926717261	3.329658013	2.926717261	1
413	1	2.64656544	2.641020262	3.587804783	2.64656544	1
414	1	4.682021074	4.682021074	1.388964202	4.682021074	1
415	1	4.836449411	4.836449411	1.21268284	4.836449411	1
416	1	4.789072866	4.789072866	1.277139364	4.789072866	1
417	1	4.789072866	4.789072866	1.271594186	4.789072866	1
418	1	4.635688882	4.635688882	1.466981858	4.635688882	1
419	1	4.69033884	4.69033884	1.388964202	4.69033884	1
420	1	4.536747832	4.536747832	1.586429151	4.536747832	1
421	1	4.791845454	4.786300277	1.277139364	4.791845454	1
422	1	4.814185255	4.81036617	1.24915356	4.814185255	1
423	1	4.864124909	4.860305824	1.18742018	4.864124909	1
424	1	4.791845454	4.791845454	1.277139364	4.791845454	1
425	1	4.833669987	4.833669987	1.221147904	4.833669987	1
426	1	4.819779155	4.814233977	1.235153207	4.819779155	1
427	1	4.09989484	4.09989484	2.10565131	4.09989484	1
428	1	2.494235267	2.494235267	3.750408586	2.494235267	1
429	1	3.02084148	3.02084148	3.262281123	3.02084148	1
430	1	2.276762394	2.276762394	3.981730733	2.276762394	1
431	1	2.354456318	2.354456318	3.87137756	2.354456318	1
432	1	2.973839979	2.973839979	3.278015541	2.973839979	1
433	1	3.520960938	3.520960938	2.720414093	3.520960938	1
434	1	3.404089745	3.404089745	2.839174314	3.404089745	1
435	1	3.046307876	3.046307876	3.206724413	3.046307876	1
436	1	4.766333134	4.766333134	1.324733255	4.766333134	1
437	1	4.72689304	4.723073955	1.366614146	4.72689304	1
438	1	4.902577551	4.902577551	1.136836132	4.902577551	1
439	1	4.8030949	4.8030949	1.24915356	4.8030949	1
440	1	4.715802686	4.715802686	1.363841557	4.715802686	1
441	1	4.774820263	4.769275086	1.313535455	4.774820263	1
442	1	4.761107074	4.761107074	1.302332629	4.761107074	1
443	1	4.763729908	4.763729908	1.310762866	4.763729908	1
444	1	4.77509997	4.769554793	1.288352202	4.77509997	1
445	1	4.741379836	4.741379836	1.327505844	4.741379836	1
446	1	4.735645878	4.731826793	1.338698607	4.735645878	1
447	1	4.828124809	4.828124809	1.226693082	4.828124809	1
448	1	5.557504571	5.546414216	0	5.557504571	1
449	1	5.590775636	5.590775636	0	5.590775636	1
450	1	5.576912692	5.576912692	0	5.576912692	1
451	1	5.568594926	5.568594926	0	5.568594926	1
452	1	5.58245787	5.58245787	0	5.58245787	1
453	1	5.574140104	5.568594926	0	5.574140104	1
454	1	5.563049749	5.551959394	0	5.563049749	1
455	1	5.574140104	5.563049749	0	5.574140104	1
456	1	5.574140104	5.570321019	0	5.574140104	1
457	1	5.565822337	5.56027716	0	5.565822337	1
458	1	5.576912692	5.571367515	0	5.576912692	1
459	1	5.576912692	5.571367515	0	5.576912692	1
460	1	5.568594926	5.568594926	0	5.568594926	1
461	1	5.563049749	5.557504571	0	5.563049749	1
462	1	5.576912692	5.576912692	0	5.576912692	1
463	1	5.58245787	5.571367515	0	5.58245787	1
464	1	5.563049749	5.557504571	0	5.563049749	1
465	1	5.034179075	5.034179075	0.956412581	5.034179075	1
466	1	4.62102697	4.617207885	1.492022238	4.62102697	1
467	1	4.644006648	4.644006648	1.478072213	4.644006648	1
468	1	4.448663131	4.448663131	1.702676321	4.448663131	1
469	1	4.548380309	4.548380309	1.58365767	4.548380309	1
470	1	4.528430066	4.528430066	1.603064683	4.528430066	1
471	1	4.566051171	4.566051171	1.567008453	4.566051171	1
472	1	4.580883326	4.575338148	1.54479295	4.580883326	1
473	1	4.516207209	4.516207209	1.625227205	4.516207209	1
474	1	4.583655915	4.583655915	1.536475184	4.583655915	1
475	1	4.542835132	4.542835132	1.589202847	4.542835132	1
476	1	4.548906171	4.548906171	1.569790529	4.548906171	1
477	1	4.553925487	4.544561224	1.594748025	4.553925487	1
478	1	4.56882376	4.56118559	1.561463275	4.56882376	1
479	1	4.693111428	4.693111428	1.397281969	4.693111428	1
480	1	4.687283113	4.687283113	1.402904173	4.687283113	1
481	1	4.406283597	4.406283597	1.757825963	4.406283597	1
482	1	4.574368937	4.574368937	1.558690687	4.574368937	1
483	1	4.46042114	4.46042114	1.688857441	4.46042114	1
484	1	4.690055701	4.690055701	1.40844935	4.690055701	1
485	1	4.586887968	4.586887968	1.525359551	4.586887968	1
486	1	4.638834715	4.638834715	1.466930539	4.638834715	1
487	1	4.641607304	4.636062127	1.466930539	4.641607304	1
488	1	4.658936069	4.653390891	1.44185911	4.658936069	1
489	1	4.672799012	4.667253835	1.433541344	4.672799012	1
490	1	4.554451348	4.554451348	1.575335707	4.554451348	1
491	1	4.524524975	4.52070589	1.622454616	4.524524975	1
492	1	4.495603091	4.495603091	1.650140925	4.495603091	1
493	1	4.741191055	4.741191055	1.352561551	4.741191055	1
494	1	4.746736233	4.746736233	1.349788962	4.746736233	1
495	1	4.709746961	4.704201783	1.400054557	4.709746961	1
496	1	4.888838967	4.888838967	1.159193516	4.888838967	1
497	1	4.943198345	4.943198345	1.077655818	4.943198345	1
498	1	4.959569107	4.959569107	1.069132427	4.959569107	1
499	1	4.959569107	4.95402393	1.066359838	4.959569107	1
500	1	4.975601625	4.970056447	1.040980947	4.975601625	1
501	1	4.772197429	4.772197429	1.310650395	4.772197429	1
502	1	4.741191055	4.735645878	1.349788962	4.741191055	1
503	1	4.50452673	4.498981552	1.63907304	4.50452673	1
504	1	4.791935204	4.786390027	1.271466715	4.791935204	1
505	1	4.875077912	4.871258827	1.176000856	4.875077912	1
506	1	4.695884017	4.695884017	1.402827146	4.695884017	1
507	1	4.69033884	4.69033884	1.397281969	4.69033884	1
508	1	4.755053999	4.755053999	1.344243784	4.755053999	1
509	1	4.763879663	4.763879663	1.310650395	4.763879663	1
510	1	4.92702035	4.92702035	1.103005966	4.92702035	1
511	1	4.978374213	4.972829036	1.040980947	4.978374213	1
512	1	4.978688067	4.973142889	1.057831662	4.978688067	1
513	1	4.91335074	4.91335074	1.119832701	4.91335074	1
514	1	4.712784169	4.712784169	1.391654662	4.712784169	1
515	1	4.766502497	4.76095732	1.321853221	4.766502497	1
516	1	4.692526803	4.692526803	1.419611617	4.692526803	1
517	1	4.66137097	4.657551885	1.441920753	4.66137097	1
518	1	4.819807043	4.819807043	1.226693082	4.819807043	1
519	1	4.916293406	4.916293406	1.12279166	4.916293406	1
520	1	4.379802028	4.37702944	1.796482889	4.379802028	1
521	1	4.244685037	4.23913986	1.939231864	4.244685037	1
522	1	4.492209004	4.492209004	1.663976022	4.492209004	1
523	1	4.675891271	4.675891271	1.425156795	4.675891271	1
524	1	4.626980328	4.623161243	1.489208706	4.626980328	1
525	1	4.658598381	4.653053204	1.44746593	4.658598381	1
526	1	4.866897498	4.86135232	1.195737946	4.866897498	1
527	1	4.964825123	4.959279946	1.052286485	4.964825123	1
528	1	4.905203051	4.901383966	1.131109426	4.905203051	1
529	1	4.772197429	4.772197429	1.307877807	4.772197429	1
530	1	4.695600879	4.695600879	1.405676762	4.695600879	1
531	1	4.69033884	4.69033884	1.402827146	4.69033884	1
532	1	4.667253835	4.667253835	1.433541344	4.667253835	1
533	1	4.672799012	4.672799012	1.436313933	4.672799012	1
534	1	4.655825793	4.650280615	1.44746593	4.655825793	1
535	1	4.684209037	4.684209037	1.422384206	4.684209037	1
536	1	4.572089288	4.572089288	1.555903333	4.572089288	1
537	1	4.673118682	4.667573504	1.427929383	4.673118682	1
538	1	4.675891271	4.675891271	1.427929383	4.675891271	1
539	1	4.546133582	4.546133582	1.578108296	4.546133582	1
540	1	4.632916293	4.627371116	1.478072213	4.632916293	1
541	1	4.672799012	4.667253835	1.439086522	4.672799012	1
542	1	4.583179642	4.583179642	1.550358155	4.583179642	1
543	1	4.670026424	4.670026424	1.444631699	4.670026424	1
544	1	4.655097003	4.655097003	1.478072213	4.655097003	1
545	1	4.678965346	4.678965346	1.405676762	4.678965346	1
546	1	4.483891238	4.483891238	1.663976022	4.483891238	1
547	1	4.336058884	4.336058884	1.859641024	4.336058884	1
548	1	4.284398601	4.278853424	1.892663383	4.284398601	1
549	1	4.894486033	4.888940855	1.164910501	4.894486033	1
550	1	4.766782204	4.762963119	1.296669968	4.766782204	1
551	1	4.163573814	4.160801226	2.054071279	4.163573814	1
552	1	4.698656606	4.698656606	1.39450938	4.698656606	1
553	1	4.498375679	4.498375679	1.655686102	4.498375679	1
554	1	4.472163881	4.462799619	1.67503314	4.472163881	1
555	1	4.477709059	4.477709059	1.677805728	4.477709059	1
556	1	4.47493647	4.47493647	1.683350906	4.47493647	1
557	1	4.451435719	4.451435719	1.697131144	4.451435719	1
558	1	4.495603091	4.490057913	1.650140925	4.495603091	1
559	1	4.50452673	4.50452673	1.644618218	4.50452673	1
560	1	4.466618704	4.466618704	1.669487962	4.466618704	1
561	1	4.506693446	4.506693446	1.652913514	4.506693446	1
562	1	4.454208308	4.454208308	1.699903733	4.454208308	1
563	1	4.552188228	4.54664305	1.569781041	4.552188228	1
564	1	4.545607721	4.541788636	1.589202847	4.545607721	1
565	1	4.76095732	4.76095732	1.321853221	4.76095732	1
566	1	4.653390891	4.653390891	1.430768756	4.653390891	1
567	1	4.752639553	4.752639553	1.327398398	4.752639553	1
568	1	4.808570736	4.804751651	1.271466715	4.808570736	1
569	1	4.606738605	4.601193428	1.514238683	4.606738605	1
570	1	4.805867489	4.805867489	1.260243914	4.805867489	1
571	1	4.589660557	4.589660557	1.519814374	4.589660557	1
572	1	4.641607304	4.641607304	1.469703127	4.641607304	1
573	1	4.667253835	4.667253835	1.436313933	4.667253835	1
574	1	4.682021074	4.682021074	1.397281969	4.682021074	1
575	1	4.641607304	4.641607304	1.458612772	4.641607304	1
576	1	4.761107074	4.761107074	1.313422984	4.761107074	1
577	1	4.644006648	4.644006648	1.480844802	4.644006648	1
578	1	4.580407054	4.580407054	1.5392678	4.580407054	1
579	1	4.586428503	4.580883326	1.542020361	4.586428503	1
580	1	4.514008872	4.514008872	1.625238965	4.514008872	1
581	1	4.589660557	4.589660557	1.525359551	4.589660557	1
582	1	4.574368937	4.574368937	1.555918098	4.574368937	1
583	1	4.609511194	4.609511194	1.508693506	4.609511194	1
584	1	4.632117325	4.632117325	1.497567416	4.632117325	1
585	1	4.653053204	4.653053204	1.450238519	4.653053204	1
586	1	4.780645148	4.780645148	1.29389738	4.780645148	1
587	1	4.841994588	4.841994588	1.218228018	4.841994588	1
588	1	4.641607304	4.641607304	1.46415795	4.641607304	1
589	1	4.670026424	4.670026424	1.430768756	4.670026424	1
590	1	4.638461471	4.638461471	1.478072213	4.638461471	1
591	1	4.629344736	4.629344736	1.503112593	4.629344736	1
592	1	4.718575274	4.718575274	1.374931912	4.718575274	1
593	1	4.910748229	4.910748229	1.136654604	4.910748229	1
594	1	4.638461471	4.634642386	1.480844802	4.638461471	1
595	1	4.615481793	4.609936615	1.500340004	4.615481793	1
596	1	4.560505994	4.554960816	1.558690687	4.560505994	1
597	1	4.62102697	4.62102697	1.500340004	4.62102697	1
598	1	4.620601549	4.616782464	1.517011272	4.620601549	1
599	1	4.566051171	4.560505994	1.564235864	4.566051171	1
600	1	4.280728715	4.280728715	1.89253054	4.280728715	1
601	1	4.207532117	4.207532117	1.98848124	4.207532117	1
602	1	4.438964715	4.433419538	1.721979998	4.438964715	1
603	1	4.811412666	4.811412666	1.260243914	4.811412666	1
604	1	4.819779155	4.819779155	1.240698385	4.819779155	1
605	1	4.866897498	4.86135232	1.198510535	4.866897498	1
606	1	5.040193024	5.040193024	0.9732917	5.040193024	1
607	1	5.150245976	5.150245976	0.797557718	5.150245976	1
608	1	5.140007924	5.134462747	0.80617926	5.140007924	1
609	1	4.918895918	4.918895918	1.119832701	4.918895918	1
610	1	4.738418467	4.738418467	1.347016373	4.738418467	1
611	1	4.522326638	4.51678146	1.603058256	4.522326638	1
612	1	4.36158067	4.36158067	1.810164357	4.36158067	1
613	1	4.385347206	4.385347206	1.790937712	4.385347206	1
614	1	4.355221252	4.355221252	1.823928213	4.355221252	1
615	1	4.451435719	4.451435719	1.702676321	4.451435719	1
616	1	4.707484919	4.707484919	1.363841557	4.707484919	1
617	1	4.606296089	4.606296089	1.525359551	4.606296089	1
618	1	4.655470248	4.655470248	1.46415795	4.655470248	1
619	1	4.678663859	4.678663859	1.425156795	4.678663859	1
620	1	4.653053204	4.653053204	1.444693341	4.653053204	1
621	1	4.641607304	4.641607304	1.46415795	4.641607304	1
622	1	4.652697659	4.652697659	1.46415795	4.652697659	1
623	1	4.658598381	4.658598381	1.450238519	4.658598381	1
624	1	4.583655915	4.578110737	1.539247772	4.583655915	1
625	1	4.615889973	4.615889973	1.486436117	4.615889973	1
626	1	4.66137097	4.655825793	1.450238519	4.66137097	1
627	1	4.627371116	4.627371116	1.472527036	4.627371116	1
628	1	4.777742607	4.772197429	1.313422984	4.777742607	1
629	1	4.825352221	4.825352221	1.232238259	4.825352221	1
630	1	4.268727549	4.268727549	1.917345314	4.268727549	1
631	1	4.442435148	4.442435148	1.708172001	4.442435148	1
632	1	4.47493647	4.47493647	1.677805728	4.47493647	1
633	1	4.766652252	4.766652252	1.310650395	4.766652252	1
634	1	4.735645878	4.735645878	1.347016373	4.735645878	1
635	1	4.706974372	4.706974372	1.400054557	4.706974372	1
636	1	4.735437866	4.729892689	1.360976674	4.735437866	1
637	1	4.746736233	4.746736233	1.344243784	4.746736233	1
638	1	4.732873289	4.732873289	1.344243784	4.732873289	1
639	1	4.746925013	4.746925013	1.341368788	4.746925013	1
640	1	4.828124809	4.822579632	1.226693082	4.828124809	1
641	1	4.833669987	4.833669987	1.237783436	4.833669987	1
642	1	4.803025559	4.803025559	1.268694127	4.803025559	1
643	1	4.774820263	4.774820263	1.321853221	4.774820263	1
644	1	4.640843271	4.640843271	1.489208706	4.640843271	1
645	1	4.481118649	4.481118649	1.675066377	4.481118649	1
646	1	4.56882376	4.56882376	1.561463275	4.56882376	1
647	1	4.521752386	4.521752386	1.625227205	4.521752386	1
648	1	4.56654411	4.56654411	1.558675922	4.56654411	1
649	1	4.507889443	4.507889443	1.63631756	4.507889443	1
650	1	4.55167876	4.55167876	1.580880884	4.55167876	1
651	1	4.511236283	4.505691105	1.605830844	4.511236283	1
652	1	4.675891271	4.672072185	1.422384206	4.675891271	1
653	1	4.774970018	4.76942484	1.316195573	4.774970018	1
654	1	4.69033884	4.69033884	1.397281969	4.69033884	1
655	1	4.715556758	4.715556758	1.388882074	4.715556758	1
656	1	4.597978323	4.597978323	1.530904729	4.597978323	1
657	1	4.712784169	4.712784169	1.386109485	4.712784169	1
658	1	4.712784169	4.707238992	1.386109485	4.712784169	1
659	1	4.707238992	4.707238992	1.383336896	4.707238992	1
660	1	4.704466403	4.704466403	1.380564307	4.704466403	1
661	1	4.684209037	4.684209037	1.416839028	4.684209037	1
662	1	4.701693814	4.701693814	1.391654662	4.701693814	1
663	1	4.7301007	4.7301007	1.341471196	4.7301007	1
664	1	4.690055701	4.690055701	1.413994528	4.690055701	1
665	1	4.735437866	4.729892689	1.363749263	4.735437866	1
666	1	4.698373468	4.698373468	1.411221939	4.698373468	1
667	1	4.653053204	4.653053204	1.453011107	4.653053204	1
668	1	4.980807948	4.980807948	1.029670647	4.980807948	1
669	1	5.563049749	5.563049749	0	5.563049749	1
670	1	5.568594926	5.563049749	0	5.568594926	1
671	1	5.58245787	5.576912692	0	5.58245787	1
672	1	5.574140104	5.568594926	0	5.574140104	1
673	1	5.58245787	5.576912692	0	5.58245787	1
674	1	5.568594926	5.568594926	0	5.568594926	1
675	1	5.576912692	5.576912692	0	5.576912692	1
676	1	5.58245787	5.565822337	0	5.58245787	1
677	1	5.588003047	5.588003047	0	5.588003047	1
678	1	5.574140104	5.574140104	0	5.574140104	1
679	1	5.565822337	5.565822337	0	5.565822337	1
680	1	5.593548225	5.584183962	0	5.593548225	1
681	1	5.576912692	5.562003252	0	5.576912692	1
682	1	5.565822337	5.554731983	0	5.565822337	1
683	1	5.565822337	5.565822337	0	5.565822337	1
684	1	5.571367515	5.562003252	0	5.571367515	1
685	1	5.563049749	5.563049749	0	5.563049749	1
686	1	5.568594926	5.563049749	0	5.568594926	1
687	1	5.588003047	5.588003047	0	5.588003047	1
688	1	5.571367515	5.571367515	0	5.571367515	1
689	1	5.568594926	5.568594926	0	5.568594926	1
690	1	5.546414216	5.535323861	0	5.546414216	1
691	1	5.568594926	5.568594926	0	5.568594926	1
692	1	5.58245787	5.576912692	0	5.58245787	1
693	1	5.585230458	5.585230458	0	5.585230458	1
694	1	5.563049749	5.563049749	0	5.563049749	1
695	1	5.571367515	5.56027716	0	5.571367515	1
696	1	4.407025887	4.407025887	1.748533086	4.407025887	1
697	1	4.582686704	4.582686704	1.569781041	4.582686704	1
698	1	4.640843271	4.640843271	1.489208706	4.640843271	1
699	1	4.627371116	4.621825939	1.469754447	4.627371116	1
700	1	4.64123406	4.64123406	1.480844802	4.64123406	1
701	1	4.673118682	4.673118682	1.425156795	4.673118682	1
702	1	4.681436448	4.681436448	1.422384206	4.681436448	1
703	1	4.64992507	4.64992507	1.455840184	4.64992507	1
704	1	4.706974372	4.701429195	1.397281969	4.706974372	1
705	1	4.703918645	4.70009956	1.402904173	4.703918645	1
706	1	4.698656606	4.693111428	1.400054557	4.698656606	1
707	1	4.586887968	4.586887968	1.519814374	4.586887968	1
708	1	4.577634465	4.577634465	1.550358155	4.577634465	1
709	1	4.589201092	4.576017744	1.539247772	4.589201092	1
710	1	4.580407054	4.580407054	1.547585567	4.580407054	1
711	1	4.492830502	4.492830502	1.655686102	4.492830502	1
712	1	4.746736233	4.746736233	1.352561551	4.746736233	1
713	1	4.683889367	4.67834419	1.44185911	4.683889367	1
714	1	4.672799012	4.668979927	1.44185911	4.672799012	1
715	1	4.559470664	4.559470664	1.586430259	4.559470664	1
716	1	4.629752916	4.624207739	1.486436117	4.629752916	1
717	1	4.73306207	4.73306207	1.333051022	4.73306207	1
718	1	4.681737935	4.681737935	1.413994528	4.681737935	1
719	1	4.510662031	4.505116854	1.630772382	4.510662031	1
720	1	4.638834715	4.633289538	1.458612772	4.638834715	1
721	1	4.664481246	4.664481246	1.439086522	4.664481246	1
722	1	4.959569107	4.95402393	1.063587249	4.959569107	1
723	1	4.959279946	4.959279946	1.057831662	4.959279946	1
724	1	4.718575274	4.718575274	1.369386735	4.718575274	1
725	1	4.64320768	4.64320768	1.503112593	4.64320768	1
726	1	4.698373468	4.698373468	1.413994528	4.698373468	1
727	1	4.684510524	4.678965346	1.413994528	4.684510524	1
728	1	4.658598381	4.653053204	1.450238519	4.658598381	1
729	1	4.718329347	4.714510262	1.388882074	4.718329347	1
730	1	4.601193428	4.59564825	1.511466094	4.601193428	1
731	1	4.412571064	4.412571064	1.746806993	4.412571064	1
732	1	4.530644404	4.530644404	1.611376022	4.530644404	1
733	1	4.855857532	4.855857532	1.226545784	4.855857532	1
734	1	4.85584309	4.85584309	1.206985439	4.85584309	1
735	1	4.707238992	4.707238992	1.386109485	4.707238992	1
736	1	4.695884017	4.695884017	1.405599735	4.695884017	1
737	1	4.690055701	4.686236616	1.411221939	4.690055701	1
738	1	4.706974372	4.706974372	1.400054557	4.706974372	1
739	1	4.724120452	4.724120452	1.377704501	4.724120452	1
740	1	4.689754214	4.684209037	1.433474561	4.689754214	1
741	1	4.704201783	4.698656606	1.39450938	4.704201783	1
742	1	4.721347863	4.715802686	1.369386735	4.721347863	1
743	1	4.72689304	4.72689304	1.374931912	4.72689304	1
744	1	4.894384145	4.89056506	1.159193516	4.894384145	1
745	1	5.013325029	5.013325029	1.00149063	5.013325029	1
746	1	5.025365509	5.025365509	0.956164301	5.025365509	1
747	1	4.738210455	4.738210455	1.366521852	4.738210455	1
748	1	4.653053204	4.653053204	1.453011107	4.653053204	1
749	1	4.64123406	4.64123406	1.475299624	4.64123406	1
750	1	4.553925487	4.553925487	1.591975436	4.553925487	1
751	1	4.707238992	4.707238992	1.388882074	4.707238992	1
752	1	4.794618043	4.790798958	1.28545713	4.794618043	1
753	1	4.698656606	4.698656606	1.391736791	4.698656606	1
754	1	4.681737935	4.67791885	1.405676762	4.681737935	1
755	1	4.752639553	4.752639553	1.316308044	4.752639553	1
756	1	4.724120452	4.718575274	1.377704501	4.724120452	1
757	1	4.752639553	4.752639553	1.321853221	4.752639553	1
758	1	4.724120452	4.718575274	1.377704501	4.724120452	1
759	1	4.763560546	4.763560546	1.338596199	4.763560546	1
760	1	4.216839913	4.216839913	1.977563844	4.216839913	1
761	1	4.262258137	4.262258137	1.925518857	4.262258137	1
762	1	4.661708658	4.661708658	1.439086522	4.661708658	1
763	1	4.766652252	4.766652252	1.310650395	4.766652252	1
764	1	4.861214968	4.861214968	1.176000856	4.861214968	1
765	1	4.545607721	4.534517366	1.594748025	4.545607721	1
766	1	4.548906171	4.548906171	1.580880884	4.548906171	1
767	1	4.308332997	4.302787819	1.859641024	4.308332997	1
768	1	4.325824729	4.322005644	1.851439151	4.325824729	1
769	1	4.875157577	4.875157577	1.190030729	4.875157577	1
770	1	4.858579732	4.847489377	1.195737946	4.858579732	1
771	1	4.746925013	4.746925013	1.330278433	4.746925013	1
772	1	4.828124809	4.818760547	1.226693082	4.828124809	1
773	1	4.797480382	4.797480382	1.268694127	4.797480382	1
774	1	4.825324332	4.825324332	1.240698385	4.825324332	1
775	1	4.872442675	4.872442675	1.192965358	4.872442675	1
776	1	4.897156734	4.897156734	1.153648338	4.897156734	1
777	1	4.830897398	4.827078313	1.235010848	4.830897398	1
778	1	4.805867489	4.805867489	1.254698737	4.805867489	1
779	1	4.755412142	4.755412142	1.321853221	4.755412142	1
780	1	4.76942484	4.76942484	1.302332629	4.76942484	1
781	1	4.388119795	4.388119795	1.787118627	4.388119795	1
782	1	4.418843825	4.418843825	1.741327707	4.418843825	1
783	1	4.334984806	4.334984806	1.837686483	4.334984806	1
784	1	4.241912449	4.241912449	1.936459275	4.241912449	1
785	1	4.585952231	4.585952231	1.550358155	4.585952231	1
786	1	4.583655915	4.583655915	1.539247772	4.583655915	1
787	1	4.540062543	4.534517366	1.586430259	4.540062543	1
788	1	4.527871815	4.527871815	1.611376022	4.527871815	1
789	1	4.684510524	4.684510524	1.411221939	4.684510524	1
790	1	4.686981625	4.686981625	1.422384206	4.686981625	1
791	1	4.687566251	4.687566251	1.402827146	4.687566251	1
792	1	4.577634465	4.577634465	1.553130744	4.577634465	1
793	1	4.568314292	4.568314292	1.575335707	4.568314292	1
794	1	4.554451348	4.554451348	1.572563118	4.554451348	1
795	1	4.718575274	4.705391927	1.372159323	4.718575274	1
796	1	4.715802686	4.715802686	1.372159323	4.715802686	1
797	1	4.724120452	4.709211012	1.366614146	4.724120452	1
798	1	4.62102697	4.62102697	1.497567416	4.62102697	1
799	1	4.554451348	4.548906171	1.575335707	4.554451348	1
800	1	4.498375679	4.498375679	1.655686102	4.498375679	1
801	1	4.510071907	4.510071907	1.63907304	4.510071907	1
802	1	4.498981552	4.493436375	1.633527863	4.498981552	1
803	1	4.690055701	4.678965346	1.413994528	4.690055701	1
804	1	4.721347863	4.715802686	1.372159323	4.721347863	1
805	1	4.687283113	4.687283113	1.411221939	4.687283113	1
806	1	4.706974372	4.706974372	1.391736791	4.706974372	1
807	1	4.735645878	4.735645878	1.349788962	4.735645878	1
808	1	4.61782896	4.61782896	1.519783861	4.61782896	1
809	1	4.684510524	4.684510524	1.416767117	4.684510524	1
810	1	4.718575274	4.713030097	1.374931912	4.718575274	1
811	1	4.698656606	4.698656606	1.405599735	4.698656606	1
812	1	4.557223937	4.535043227	1.575335707	4.557223937	1
813	1	4.466618704	4.466618704	1.672260551	4.466618704	1
814	1	4.721574923	4.721574923	1.366521852	4.721574923	1
815	1	4.724120452	4.724120452	1.372159323	4.724120452	1
816	1	4.718575274	4.718575274	1.372159323	4.718575274	1
817	1	4.624207739	4.624207739	1.486436117	4.624207739	1
818	1	4.603523501	4.597978323	1.52813214	4.603523501	1
819	1	4.723874524	4.714510262	1.380564307	4.723874524	1
820	1	4.945970934	4.940425757	1.077655818	4.945970934	1
821	1	4.932348664	4.926803487	1.094492179	4.932348664	1
822	1	4.698921226	4.698921226	1.383336896	4.698921226	1
823	1	4.64992507	4.64992507	1.461385361	4.64992507	1
824	1	4.666916147	4.666916147	1.444693341	4.666916147	1
825	1	4.565541703	4.562769115	1.578108296	4.565541703	1
826	1	4.510662031	4.499571677	1.625227205	4.510662031	1
827	1	4.525657478	4.5201123	1.597519505	4.525657478	1
828	1	4.559996526	4.559996526	1.580880884	4.559996526	1
829	1	4.735210807	4.729665629	1.369386735	4.735210807	1
830	1	4.703617158	4.703617158	1.439019738	4.703617158	1
831	1	4.545065599	4.539520421	1.591974328	4.545065599	1
832	1	4.19266624	4.19266624	2.004938016	4.19266624	1
833	1	4.286273892	4.286273892	1.903620895	4.286273892	1
834	1	4.55167876	4.55167876	1.575335707	4.55167876	1
835	1	4.69033884	4.69033884	1.397281969	4.69033884	1
836	1	4.698656606	4.698656606	1.402827146	4.698656606	1
837	1	4.86135232	4.86135232	1.190192769	4.86135232	1
838	1	4.557733405	4.552188228	1.555918098	4.557733405	1
839	1	2.622631021	2.622631021	3.649198573	2.622631021	1
840	1	4.379802028	4.379802028	1.7937103	4.379802028	1
841	1	4.92702035	4.92702035	1.111323733	4.92702035	1
842	1	4.88329379	4.877748612	1.159193516	4.88329379	1
843	1	4.755561897	4.755561897	1.30683131	4.755561897	1
844	1	4.822551743	4.822551743	1.243470973	4.822551743	1
845	1	4.69033884	4.684793662	1.397281969	4.69033884	1
846	1	4.523934851	4.523934851	1.636300451	4.523934851	1
847	1	4.551152898	4.545607721	1.586430259	4.551152898	1
848	1	4.830897398	4.830897398	1.223920493	4.830897398	1
849	1	4.805916211	4.805916211	1.243470973	4.805916211	1
850	1	4.839222	4.839222	1.215455429	4.839222	1
851	1	4.77509997	4.77509997	1.291124791	4.77509997	1
852	1	4.921668506	4.921668506	1.111514934	4.921668506	1
853	1	4.690055701	4.686236616	1.413994528	4.690055701	1
854	1	4.551152898	4.551152898	1.589202847	4.551152898	1
855	1	4.56654411	4.56654411	1.544812978	4.56654411	1
856	1	4.721574923	4.721574923	1.363749263	4.721574923	1
857	1	4.557223937	4.557223937	1.578108296	4.557223937	1
858	1	4.644006648	4.644006648	1.469754447	4.644006648	1
859	1	4.959569107	4.95402393	1.060814661	4.959569107	1
860	1	4.959279946	4.953734768	1.055059074	4.959279946	1
861	1	4.940425757	4.940425757	1.080428407	4.940425757	1
862	1	4.816957844	4.811412666	1.260243914	4.816957844	1
863	1	4.886066379	4.886066379	1.156420927	4.886066379	1
864	1	4.839215164	4.839215164	1.235010848	4.839215164	1
865	1	4.701939742	4.701939742	1.369386735	4.701939742	1
866	1	4.652697659	4.652697659	1.46415795	4.652697659	1
867	1	4.440345364	4.434800187	1.699903733	4.440345364	1
868	1	4.388891176	4.388891176	1.782702366	4.388891176	1
869	1	4.850297913	4.846478828	1.212530617	4.850297913	1
870	1	4.959279946	4.953734768	1.052286485	4.959279946	1
871	1	4.667253835	4.667253835	1.436313933	4.667253835	1
872	1	4.530644404	4.530644404	1.611376022	4.530644404	1
873	1	4.575338148	4.569792971	1.530930006	4.575338148	1
874	1	4.412571064	4.412571064	1.746806993	4.412571064	1
875	1	4.274272726	4.274272726	1.911800136	4.274272726	1
876	1	4.343302572	4.343302572	1.837686483	4.343302572	1
877	1	4.629752916	4.629752916	1.478118351	4.629752916	1
878	1	4.707238992	4.707238992	1.377791719	4.707238992	1
879	1	4.704712331	4.704712331	1.374931912	4.704712331	1
880	1	4.690055701	4.690055701	1.411221939	4.690055701	1
881	1	4.701693814	4.696148637	1.386109485	4.701693814	1
882	1	4.866839811	4.866839811	1.184485552	4.866839811	1
883	1	4.732438218	4.721347863	1.374931912	4.732438218	1
884	1	4.678663859	4.678663859	1.419611617	4.678663859	1
885	1	4.545065599	4.545065599	1.594746917	4.545065599	1
886	1	4.578110737	4.578110737	1.530930006	4.578110737	1
887	1	4.557223937	4.547859675	1.580880884	4.557223937	1
888	1	4.707238992	4.701693814	1.388882074	4.707238992	1
889	1	4.7271201	4.721574923	1.360976674	4.7271201	1
890	1	4.534517366	4.534517366	1.589202847	4.534517366	1
891	1	4.427874361	4.427874361	1.721979998	4.427874361	1
892	1	4.495603091	4.495603091	1.644595748	4.495603091	1
893	1	4.741379836	4.735834658	1.33582361	4.741379836	1
894	1	4.724120452	4.714756189	1.372159323	4.724120452	1
895	1	4.698656606	4.693111428	1.402827146	4.698656606	1
896	1	4.690055701	4.690055701	1.413994528	4.690055701	1
897	1	4.791735502	4.786190325	1.299442557	4.791735502	1
898	1	4.830897398	4.830897398	1.22946567	4.830897398	1
899	1	4.766652252	4.766652252	1.310650395	4.766652252	1
900	1	4.695600879	4.695600879	1.413994528	4.695600879	1
901	1	4.766652252	4.766652252	1.302332629	4.766652252	1
902	1	4.75228141	4.75228141	1.347016373	4.75228141	1
903	1	4.791935204	4.780844849	1.271466715	4.791935204	1
904	1	4.777872559	4.777872559	1.302215146	4.777872559	1
905	1	4.487285324	4.487285324	1.655686102	4.487285324	1
906	1	4.469391292	4.469391292	1.680578317	4.469391292	1
907	1	4.577634465	4.572089288	1.553130744	4.577634465	1
908	1	4.682021074	4.682021074	1.397281969	4.682021074	1
909	1	4.65616348	4.65616348	1.430768756	4.65616348	1
910	1	4.690055701	4.678965346	1.411221939	4.690055701	1
911	1	4.850261966	4.850261966	1.195737946	4.850261966	1
912	1	4.836434969	4.836434969	1.209758028	4.836434969	1
913	1	4.675571601	4.675571601	1.450176877	4.675571601	1
914	1	4.521752386	4.521752386	1.633544971	4.521752386	1
915	1	4.8696124	4.8696124	1.178940374	4.8696124	1
916	1	4.758184731	4.758184731	1.313535455	4.758184731	1
917	1	4.959279946	4.959279946	1.052286485	4.959279946	1
918	1	4.853070502	4.853070502	1.212530617	4.853070502	1
919	1	4.67834419	4.67834419	1.430768756	4.67834419	1
920	1	4.574861876	4.574861876	1.553130744	4.574861876	1
921	1	4.615056371	4.609511194	1.517011272	4.615056371	1
922	1	4.687283113	4.687283113	1.40844935	4.687283113	1
923	1	4.659255738	4.653710561	1.416839028	4.659255738	1
924	1	4.664143559	4.664143559	1.44746593	4.664143559	1
925	1	4.701146056	4.701146056	1.416767117	4.701146056	1
926	1	4.675891271	4.672072185	1.425156795	4.675891271	1
927	1	4.66137097	4.66137097	1.44746593	4.66137097	1
928	1	4.727328112	4.727328112	1.344243784	4.727328112	1
929	1	4.718575274	4.718575274	1.377704501	4.718575274	1
930	1	4.938110705	4.932565528	1.108551144	4.938110705	1
931	1	4.869670087	4.869670087	1.192965358	4.869670087	1
932	1	4.962052535	4.962052535	1.055059074	4.962052535	1
933	1	4.844767177	4.840948092	1.223773195	4.844767177	1
934	1	4.864067222	4.864067222	1.181712963	4.864067222	1
935	1	4.866760146	4.866760146	1.162137912	4.866760146	1
936	1	4.850297913	4.850297913	1.212530617	4.850297913	1
937	1	4.822586467	4.81704129	1.221000606	4.822586467	1
938	1	4.877930166	4.872384988	1.187258141	4.877930166	1
939	1	4.894259784	4.894259784	1.145153898	4.894259784	1
940	1	4.836434969	4.836434969	1.209758028	4.836434969	1
941	1	4.454875962	4.454875962	1.688857441	4.454875962	1
942	1	4.355221252	4.355221252	1.826700802	4.355221252	1
943	1	4.597978323	4.594159238	1.522586962	4.597978323	1
944	1	4.874976024	4.869430846	1.153648338	4.874976024	1
945	1	4.886066379	4.880521201	1.156420927	4.886066379	1
946	1	4.921668506	4.921668506	1.119832701	4.921668506	1
947	1	4.929576075	4.929576075	1.09171959	4.929576075	1
948	1	4.797390632	4.793571547	1.282684541	4.797390632	1
949	1	4.811253576	4.811253576	1.282684541	4.811253576	1
950	1	4.752639553	4.747094376	1.321853221	4.752639553	1
951	1	4.819779155	4.819779155	1.249016151	4.819779155	1
952	1	4.715802686	4.715802686	1.369386735	4.715802686	1
953	1	4.746925013	4.746925013	1.333051022	4.746925013	1
954	1	4.808570736	4.808570736	1.277011893	4.808570736	1
955	1	4.681436448	4.681436448	1.425156795	4.681436448	1
956	1	4.789072866	4.789072866	1.28545713	4.789072866	1
957	1	4.839222	4.828131645	1.218228018	4.839222	1
958	1	4.864124909	4.864124909	1.198510535	4.864124909	1
959	1	4.766502497	4.76095732	1.319080632	4.766502497	1
960	1	4.484512736	4.484512736	1.655686102	4.484512736	1
961	1	4.536747832	4.536747832	1.597519505	4.536747832	1
962	1	4.721782934	4.716237757	1.349788962	4.721782934	1
963	1	4.774820263	4.774820263	1.32462581	4.774820263	1
964	1	4.732873289	4.732873289	1.347016373	4.732873289	1
965	1	4.927213684	4.921668506	1.119832701	4.927213684	1
966	1	4.877850501	4.872305323	1.170455679	4.877850501	1
967	1	4.836449411	4.830904233	1.221000606	4.836449411	1
968	1	4.562769115	4.557223937	1.575335707	4.562769115	1
969	1	4.545065599	4.545065599	1.600292094	4.545065599	1
970	1	4.681116779	4.681116779	1.433541344	4.681116779	1
971	1	4.609936615	4.609936615	1.492022238	4.609936615	1
972	1	4.65616348	4.65616348	1.436313933	4.65616348	1
973	1	4.678663859	4.673118682	1.422384206	4.678663859	1
974	1	4.743528573	4.737983395	1.369386735	4.743528573	1
975	1	4.902430462	4.891340107	1.133882015	4.902430462	1
976	1	4.647152481	4.647152481	1.466930539	4.647152481	1
977	1	4.701429195	4.701429195	1.39450938	4.701429195	1
978	1	4.721347863	4.715802686	1.369386735	4.721347863	1
979	1	5.028633898	5.028633898	0.964730348	5.028633898	1
980	1	5.055340788	5.055340788	0.933730626	5.055340788	1
981	1	5.091782484	5.091782484	0.891083317	5.091782484	1
982	1	5.073618786	5.068073609	0.91102998	5.073618786	1
983	1	5.101510751	5.101510751	0.865572959	5.101510751	1
984	1	4.545607721	4.540062543	1.589202847	4.545607721	1
985	1	4.574368937	4.56882376	1.561463275	4.574368937	1
986	1	4.839222	4.839222	1.221000606	4.839222	1
987	1	4.797549723	4.797549723	1.263016503	4.797549723	1
988	1	4.853034554	4.853034554	1.195737946	4.853034554	1
989	1	4.670346093	4.664800916	1.422384206	4.670346093	1
990	1	4.681436448	4.681436448	1.427929383	4.681436448	1
991	1	4.647152481	4.647152481	1.469703127	4.647152481	1
992	1	4.501754141	4.501754141	1.63907304	4.501754141	1
993	1	4.557223937	4.55167876	1.572563118	4.557223937	1
994	1	4.559470664	4.559470664	1.589202847	4.559470664	1
995	1	4.635688882	4.635688882	1.475299624	4.635688882	1
996	1	4.698921226	4.698921226	1.386109485	4.698921226	1
997	1	4.644379893	4.644379893	1.455840184	4.644379893	1
998	1	4.635688882	4.635688882	1.469754447	4.635688882	1